WordID Frequency
(29, 144433)
(33, 72117)
(12, 64170)
(23, 56701)
(30, 48337)
(60, 42727)
(233, 39128)
(42, 33357)
(81, 27074)
(474, 26534)
(251, 19929)
(48, 19683)
(144, 19130)
(27, 18456)
(722, 18230)
(922, 18037)
(52, 17008)
(388, 15433)
(122, 14501)
(473, 13598)
(51, 13380)
(160, 13154)
(644, 12963)
(775, 12289)
(72, 11178)
(16, 11109)
(104, 10900)
(297, 10657)
(139, 9969)
(749, 9638)
(477, 9560)
(995, 9465)
(235, 9219)
(766, 9206)
(813, 9067)
(100, 8976)
(1003, 8883)
(877, 8514)
(301, 8399)
(304, 8145)
(778, 7844)
(99, 7709)
(80, 7498)
(466, 7496)
(969, 7474)
(886, 7314)
(239, 6891)
(770, 6747)
(850, 6721)
(314, 6588)
(83, 6494)
(930, 6114)
(142, 6052)
(67, 5914)
(863, 5862)
(44, 5773)
(458, 5707)
(340, 5659)
(828, 5574)
(49, 5467)
(663, 5385)
(912, 5259)
(25, 5134)
(476, 5087)
(438, 4987)
(1028, 4939)
(73, 4933)
(748, 4792)
(307, 4677)
(312, 4618)
(630, 4524)
(467, 4520)
(295, 4507)
(531, 4302)
(282, 4143)
(1030, 4070)
(1319, 4025)
(1015, 3957)
(823, 3666)
(942, 3605)
(137, 3566)
(902, 3521)
(792, 3468)
(245, 3452)
(978, 3355)
(1018, 3347)
(492, 3277)
(299, 3229)
(143, 3200)
(921, 3186)
(31, 3090)
(745, 3072)
(368, 3067)
(131, 3057)
(2045, 3053)
(1576, 2965)
(574, 2960)
(456, 2920)
(316, 2898)
(289, 2876)
(834, 2868)
(481, 2864)
(536, 2859)
(101, 2793)
(692, 2761)
(419, 2697)
(905, 2691)
(393, 2651)
(1036, 2651)
(993, 2644)
(1413, 2616)
(1023, 2570)
(972, 2509)
(782, 2489)
(1334, 2449)
(1280, 2443)
(279, 2439)
(355, 2438)
(439, 2429)
(1017, 2424)
(84, 2406)
(814, 2403)
(623, 2385)
(365, 2340)
(465, 2326)
(838, 2248)
(1863, 2219)
(1077, 2191)
(1235, 2133)
(1557, 2120)
(66, 2117)
(1245, 2106)
(888, 2071)
(1894, 2066)
(907, 2054)
(1066, 2025)
(2377, 2018)
(767, 2011)
(992, 2006)
(1124, 1985)
(3720, 1962)
(751, 1911)
(761, 1896)
(831, 1878)
(416, 1861)
(1042, 1860)
(789, 1850)
(1038, 1841)
(1033, 1836)
(3216, 1833)
(6, 1832)
(475, 1821)
(397, 1813)
(967, 1800)
(584, 1789)
(2228, 1789)
(824, 1783)
(708, 1778)
(1101, 1758)
(527, 1735)
(870, 1732)
(428, 1730)
(482, 1700)
(10268, 1693)
(626, 1675)
(391, 1672)
(785, 1662)
(563, 1660)
(4300, 1660)
(1162, 1641)
(683, 1631)
(498, 1628)
(764, 1626)
(1821, 1622)
(449, 1618)
(1545, 1617)
(705, 1611)
(1636, 1607)
(451, 1598)
(2351, 1583)
(1571, 1576)
(1065, 1552)
(28, 1551)
(2863, 1549)
(148, 1531)
(1410, 1524)
(1341, 1521)
(1196, 1515)
(1029, 1512)
(425, 1508)
(1361, 1504)
(1572, 1501)
(550, 1484)
(515, 1475)
(2247, 1473)
(988, 1471)
(1041, 1468)
(1297, 1460)
(1735, 1455)
(925, 1445)
(887, 1436)
(721, 1435)
(469, 1432)
(1025, 1420)
(966, 1393)
(1032, 1382)
(1363, 1376)
(483, 1375)
(470, 1373)
(977, 1373)
(2, 1364)
(2081, 1345)
(555, 1344)
(420, 1341)
(1071, 1310)
(1040, 1307)
(551, 1303)
(491, 1299)
(876, 1295)
(273, 1288)
(479, 1287)
(3832, 1286)
(389, 1259)
(1595, 1259)
(825, 1257)
(1120, 1255)
(76, 1247)
(7260, 1246)
(534, 1242)
(2383, 1241)
(1400, 1239)
(895, 1233)
(3903, 1231)
(2583, 1218)
(175, 1212)
(1608, 1209)
(1924, 1209)
(638, 1203)
(1777, 1200)
(1474, 1197)
(422, 1194)
(1089, 1194)
(2022, 1194)
(1153, 1189)
(1073, 1186)
(1329, 1181)
(951, 1177)
(2413, 1163)
(2829, 1162)
(2214, 1159)
(884, 1154)
(448, 1153)
(329, 1148)
(1915, 1145)
(306, 1136)
(252, 1132)
(3290, 1132)
(841, 1128)
(1202, 1127)
(4323, 1119)
(3699, 1108)
(928, 1102)
(484, 1097)
(399, 1086)
(1367, 1082)
(2379, 1082)
(10677, 1082)
(1389, 1078)
(762, 1069)
(971, 1059)
(1016, 1058)
(1365, 1053)
(117, 1045)
(613, 1039)
(920, 1036)
(277, 1034)
(646, 1033)
(1506, 1032)
(1079, 1031)
(2041, 1027)
(1332, 1020)
(1181, 1019)
(1145, 1018)
(1487, 1017)
(1552, 1016)
(760, 1015)
(725, 1014)
(2185, 1011)
(5266, 1009)
(728, 1008)
(2011, 1007)
(9, 1002)
(3816, 999)
(1116, 997)
(1302, 997)
(291, 990)
(706, 988)
(1157, 986)
(183, 981)
(320, 981)
(2188, 969)
(1559, 968)
(1345, 967)
(82, 966)
(1366, 961)
(1100, 952)
(1630, 951)
(298, 949)
(1418, 947)
(9708, 947)
(1424, 946)
(4362, 945)
(3457, 943)
(2544, 942)
(3812, 941)
(4752, 941)
(3632, 939)
(1020, 935)
(1513, 935)
(625, 929)
(6411, 925)
(2171, 922)
(2912, 921)
(1130, 918)
(2822, 918)
(1641, 917)
(755, 915)
(5406, 913)
(1947, 906)
(1155, 901)
(288, 900)
(5729, 899)
(1372, 893)
(1983, 892)
(6238, 892)
(598, 885)
(1912, 885)
(1507, 882)
(13581, 882)
(10178, 881)
(1395, 880)
(6263, 877)
(1161, 867)
(575, 866)
(88, 865)
(2364, 864)
(7350, 864)
(1135, 860)
(1149, 856)
(3042, 853)
(2234, 846)
(1462, 845)
(2136, 844)
(9068, 844)
(2369, 843)
(1262, 842)
(985, 839)
(606, 838)
(980, 838)
(1452, 836)
(102, 835)
(2295, 835)
(1099, 826)
(668, 824)
(3799, 824)
(172, 823)
(3385, 822)
(1603, 819)
(426, 815)
(1826, 812)
(3086, 809)
(4219, 809)
(1132, 808)
(1508, 806)
(7367, 806)
(3899, 802)
(2061, 800)
(10133, 798)
(11230, 798)
(1213, 796)
(54, 795)
(7993, 795)
(1056, 791)
(617, 790)
(779, 790)
(750, 786)
(486, 784)
(1211, 784)
(125, 783)
(1021, 778)
(783, 777)
(1321, 777)
(141, 776)
(2150, 776)
(5535, 775)
(1667, 773)
(1906, 768)
(1396, 767)
(1923, 766)
(3002, 765)
(1739, 758)
(2124, 757)
(37625, 754)
(95, 753)
(1067, 752)
(1546, 751)
(1511, 749)
(86, 743)
(3755, 743)
(308, 741)
(709, 741)
(1480, 741)
(275, 740)
(1217, 739)
(713, 738)
(655, 736)
(5521, 734)
(1716, 730)
(6479, 730)
(763, 729)
(424, 726)
(1635, 726)
(2417, 725)
(784, 718)
(808, 718)
(3688, 714)
(840, 711)
(2726, 710)
(1952, 708)
(890, 702)
(1463, 702)
(752, 699)
(6422, 698)
(4754, 697)
(3646, 695)
(1391, 693)
(1095, 691)
(1538, 691)
(127, 682)
(310, 680)
(1440, 680)
(1254, 679)
(1755, 678)
(35, 677)
(47540, 677)
(7361, 676)
(1098, 674)
(2836, 670)
(845, 669)
(986, 666)
(1137, 665)
(2461, 665)
(16865, 665)
(1103, 660)
(1123, 660)
(7340, 659)
(1404, 657)
(2298, 653)
(3429, 652)
(1479, 651)
(597, 649)
(1138, 646)
(1450, 644)
(2469, 644)
(970, 642)
(4159, 642)
(309, 640)
(3006, 640)
(952, 637)
(4101, 637)
(305, 636)
(32, 635)
(71, 635)
(629, 634)
(1253, 633)
(5823, 632)
(864, 631)
(4315, 631)
(5149, 626)
(742, 625)
(1833, 625)
(276, 623)
(906, 623)
(1544, 622)
(1676, 622)
(2363, 620)
(19974, 617)
(46, 616)
(2172, 614)
(5117, 614)
(2444, 613)
(7765, 612)
(4360, 611)
(1954, 610)
(17, 609)
(1502, 607)
(384, 606)
(79, 605)
(330, 604)
(4863, 603)
(267, 602)
(158, 601)
(10134, 599)
(1233, 598)
(3819, 597)
(4309, 595)
(27145, 594)
(1416, 593)
(849, 592)
(2087, 587)
(822, 586)
(12043, 586)
(2492, 584)
(8137, 584)
(315, 581)
(343, 581)
(987, 581)
(47542, 580)
(837, 578)
(9400, 577)
(1184, 576)
(1322, 576)
(4258, 574)
(511, 573)
(1558, 573)
(2030, 572)
(2236, 572)
(6309, 572)
(6367, 572)
(87, 571)
(939, 570)
(1698, 569)
(353, 568)
(1050, 567)
(10267, 566)
(1951, 565)
(3950, 565)
(4384, 563)
(1988, 561)
(4335, 561)
(2458, 560)
(2372, 556)
(6423, 556)
(4187, 555)
(1167, 554)
(10360, 554)
(155, 553)
(489, 552)
(854, 551)
(1907, 551)
(2672, 551)
(754, 550)
(583, 549)
(3633, 549)
(4761, 549)
(1663, 548)
(5783, 548)
(2465, 547)
(10295, 547)
(9173, 545)
(1255, 544)
(3504, 544)
(2111, 542)
(9837, 542)
(1646, 541)
(16628, 541)
(3138, 540)
(6394, 538)
(3450, 537)
(472, 535)
(7330, 535)
(1421, 532)
(661, 531)
(832, 529)
(1125, 529)
(19036, 529)
(903, 528)
(3232, 528)
(1005, 527)
(1614, 527)
(2179, 527)
(10631, 527)
(2606, 526)
(89, 525)
(2191, 525)
(460, 524)
(2487, 523)
(1901, 522)
(3132, 522)
(5509, 522)
(2619, 521)
(1323, 520)
(2320, 519)
(2523, 519)
(2982, 519)
(821, 517)
(2222, 517)
(1172, 516)
(581, 515)
(973, 515)
(2580, 515)
(2287, 514)
(1238, 513)
(229, 511)
(1460, 511)
(1154, 510)
(4367, 510)
(242, 508)
(268, 508)
(7441, 508)
(1176, 507)
(1651, 507)
(2291, 507)
(2783, 507)
(3472, 506)
(5837, 506)
(746, 504)
(5688, 504)
(5950, 504)
(10775, 503)
(539, 501)
(2917, 501)
(932, 500)
(2470, 500)
(332, 499)
(403, 499)
(2866, 499)
(1987, 496)
(2319, 495)
(2330, 495)
(4524, 493)
(9000, 493)
(1398, 492)
(2165, 492)
(6405, 492)
(9289, 492)
(1880, 491)
(55, 490)
(1870, 490)
(2883, 490)
(9624, 489)
(1909, 488)
(1904, 487)
(1953, 487)
(2038, 487)
(827, 485)
(4698, 485)
(4937, 485)
(8081, 485)
(1179, 483)
(1746, 483)
(1752, 483)
(1806, 482)
(2528, 482)
(1493, 481)
(3970, 481)
(1114, 480)
(1350, 480)
(4717, 480)
(3438, 478)
(3931, 478)
(437, 477)
(2065, 477)
(1300, 476)
(1580, 476)
(1150, 475)
(2525, 475)
(5133, 475)
(116, 474)
(2271, 474)
(2807, 474)
(3518, 470)
(1524, 469)
(45, 468)
(1835, 468)
(3186, 468)
(3379, 468)
(3946, 468)
(173, 467)
(3813, 467)
(4067, 467)
(50, 466)
(682, 466)
(9397, 466)
(2628, 465)
(2174, 464)
(2694, 464)
(747, 463)
(1279, 462)
(1758, 462)
(3996, 462)
(14, 461)
(6923, 457)
(9931, 457)
(11384, 457)
(138, 456)
(93, 454)
(385, 454)
(1134, 454)
(1268, 454)
(1652, 454)
(380, 453)
(1306, 453)
(3342, 453)
(3055, 452)
(996, 451)
(1605, 451)
(119, 450)
(652, 450)
(4094, 450)
(68, 449)
(1004, 449)
(41, 448)
(124, 447)
(1703, 447)
(718, 446)
(1218, 446)
(3556, 446)
(2684, 444)
(3620, 444)
(9395, 444)
(1383, 443)
(2620, 443)
(9291, 443)
(533, 442)
(593, 442)
(10059, 442)
(1425, 441)
(1725, 441)
(2123, 441)
(2169, 441)
(2657, 441)
(10077, 441)
(192, 440)
(11594, 439)
(446, 438)
(11072, 438)
(744, 437)
(1148, 437)
(6254, 437)
(5072, 436)
(25007, 436)
(168, 435)
(1926, 435)
(994, 434)
(1310, 434)
(2390, 434)
(1560, 433)
(1910, 433)
(5546, 433)
(1307, 432)
(1505, 432)
(5570, 432)
(471, 431)
(5008, 429)
(1303, 428)
(4058, 427)
(826, 426)
(948, 426)
(1444, 426)
(3309, 426)
(1823, 424)
(4282, 424)
(4651, 424)
(1713, 423)
(2846, 423)
(6340, 422)
(684, 421)
(2882, 421)
(1151, 419)
(2388, 419)
(3492, 419)
(5340, 419)
(6235, 419)
(5354, 418)
(1128, 417)
(1417, 417)
(2567, 417)
(649, 416)
(5116, 415)
(10862, 415)
(1481, 414)
(1192, 413)
(2326, 413)
(2839, 413)
(3839, 413)
(13916, 413)
(1737, 412)
(1139, 409)
(1900, 409)
(92, 408)
(2310, 408)
(2717, 408)
(5558, 408)
(2531, 407)
(4702, 407)
(2924, 406)
(3937, 406)
(768, 405)
(894, 405)
(2028, 405)
(9399, 405)
(3149, 404)
(612, 403)
(2534, 403)
(2956, 403)
(3094, 403)
(6745, 403)
(1223, 402)
(1547, 402)
(6119, 401)
(2121, 400)
(3721, 400)
(12789, 399)
(12104, 398)
(10850, 397)
(2479, 394)
(8107, 394)
(12173, 394)
(3003, 393)
(133, 392)
(790, 392)
(3070, 392)
(9689, 392)
(10606, 391)
(2809, 390)
(5640, 390)
(2899, 389)
(1047, 388)
(1258, 388)
(1349, 388)
(2348, 388)
(1104, 387)
(1817, 387)
(2084, 387)
(2493, 387)
(2857, 387)
(5735, 387)
(9175, 387)
(10917, 387)
(411, 385)
(485, 385)
(815, 384)
(1420, 384)
(1848, 384)
(2614, 384)
(949, 381)
(6672, 381)
(2117, 380)
(4699, 380)
(5212, 380)
(230, 378)
(809, 378)
(1432, 377)
(530, 376)
(3275, 375)
(234, 373)
(1581, 373)
(241, 372)
(2868, 372)
(4059, 372)
(5386, 372)
(926, 371)
(1340, 371)
(1491, 371)
(1529, 371)
(1950, 371)
(2303, 371)
(5007, 371)
(7878, 371)
(2212, 370)
(6323, 369)
(6765, 369)
(6298, 368)
(6582, 368)
(1564, 367)
(4321, 367)
(6718, 367)
(839, 366)
(3065, 366)
(2240, 365)
(1159, 364)
(5859, 364)
(1063, 363)
(1722, 363)
(1840, 363)
(5638, 363)
(7966, 363)
(56, 362)
(3019, 362)
(7984, 362)
(504, 361)
(1333, 361)
(132, 360)
(4685, 360)
(5944, 360)
(2246, 359)
(4121, 359)
(927, 358)
(5080, 358)
(6576, 358)
(2424, 357)
(4082, 357)
(1288, 355)
(2410, 355)
(16576, 355)
(364, 354)
(891, 354)
(2003, 354)
(2579, 354)
(8138, 354)
(1470, 353)
(4339, 353)
(7291, 353)
(10652, 353)
(2457, 352)
(9838, 352)
(27609, 352)
(1678, 351)
(5065, 351)
(9770, 351)
(1561, 350)
(1855, 350)
(2113, 350)
(4271, 350)
(2056, 349)
(10341, 349)
(3818, 348)
(9508, 348)
(2175, 347)
(21188, 347)
(153, 345)
(11133, 345)
(52308, 345)
(909, 344)
(1964, 344)
(3698, 344)
(4104, 344)
(1535, 343)
(1690, 343)
(1814, 343)
(2261, 343)
(7327, 343)
(5367, 342)
(15, 341)
(572, 341)
(1743, 341)
(2592, 341)
(3074, 341)
(4281, 341)
(5444, 341)
(1957, 340)
(2346, 340)
(2692, 340)
(8755, 340)
(49316, 340)
(786, 339)
(1393, 339)
(1526, 339)
(3254, 339)
(3407, 339)
(5675, 339)
(16412, 339)
(5614, 338)
(8091, 338)
(5213, 337)
(1275, 336)
(2710, 336)
(3439, 336)
(1813, 335)
(1937, 335)
(4965, 335)
(3885, 334)
(8042, 334)
(529, 333)
(2677, 333)
(3453, 333)
(3577, 333)
(4119, 332)
(5889, 332)
(5420, 331)
(6899, 331)
(10135, 331)
(10407, 331)
(893, 330)
(8962, 330)
(10608, 330)
(109, 329)
(658, 329)
(1197, 329)
(1653, 329)
(7417, 329)
(1119, 328)
(2305, 328)
(4594, 328)
(5, 327)
(2148, 327)
(5609, 327)
(35304, 327)
(1638, 326)
(3088, 326)
(10274, 326)
(723, 325)
(85, 324)
(1293, 324)
(1807, 324)
(1858, 324)
(1859, 324)
(10868, 324)
(2477, 323)
(3848, 323)
(6381, 323)
(264, 322)
(1456, 322)
(2801, 322)
(11023, 322)
(1822, 321)
(1902, 321)
(1943, 321)
(2797, 321)
(4956, 321)
(455, 320)
(2331, 320)
(394, 319)
(1291, 319)
(2370, 319)
(7235, 319)
(1704, 318)
(2095, 318)
(4599, 318)
(7052, 318)
(1, 317)
(3889, 317)
(14780, 316)
(224, 315)
(6251, 315)
(38733, 315)
(135, 314)
(1767, 314)
(1917, 314)
(5717, 314)
(1753, 313)
(1795, 313)
(17812, 313)
(1239, 312)
(1861, 312)
(1862, 312)
(955, 311)
(1927, 311)
(1522, 310)
(811, 309)
(3032, 309)
(3630, 309)
(10795, 309)
(1598, 308)
(2904, 307)
(6619, 306)
(151, 305)
(2958, 305)
(3401, 305)
(4236, 305)
(64, 304)
(1903, 304)
(3805, 304)
(3904, 304)
(4380, 304)
(200, 303)
(507, 303)
(633, 303)
(1446, 303)
(11025, 303)
(118, 302)
(679, 302)
(4627, 302)
(10378, 302)
(1091, 301)
(1935, 301)
(2376, 301)
(4342, 301)
(4414, 301)
(12846, 301)
(3, 300)
(400, 300)
(1555, 300)
(3447, 300)
(11623, 300)
(182, 299)
(599, 299)
(1932, 299)
(2204, 299)
(688, 298)
(1411, 298)
(3669, 298)
(6352, 298)
(11333, 298)
(4417, 297)
(5852, 297)
(38274, 297)
(654, 296)
(10215, 296)
(1251, 295)
(1299, 295)
(592, 294)
(1499, 294)
(3417, 294)
(3985, 294)
(6429, 294)
(10722, 294)
(737, 293)
(3303, 293)
(237, 292)
(258, 292)
(806, 292)
(1489, 292)
(10298, 292)
(37734, 292)
(1677, 291)
(3511, 291)
(6143, 291)
(13728, 291)
(1175, 290)
(2646, 290)
(4818, 290)
(4841, 290)
(3023, 289)
(1993, 288)
(2448, 288)
(6167, 288)
(12853, 288)
(734, 287)
(859, 287)
(1701, 287)
(2004, 287)
(4295, 287)
(2557, 286)
(6571, 286)
(10315, 286)
(878, 285)
(1257, 285)
(1435, 285)
(4646, 285)
(1237, 284)
(3562, 284)
(5689, 284)
(5709, 284)
(733, 283)
(900, 283)
(1284, 283)
(3405, 283)
(4296, 283)
(9026, 283)
(107, 282)
(947, 282)
(1343, 282)
(2600, 282)
(5713, 281)
(10035, 281)
(11229, 281)
(4647, 280)
(10377, 280)
(374, 279)
(657, 279)
(3262, 279)
(3387, 279)
(3674, 279)
(11681, 279)
(4265, 278)
(5566, 278)
(14817, 278)
(669, 277)
(1792, 277)
(2317, 277)
(3679, 277)
(4188, 277)
(4385, 277)
(6244, 277)
(923, 276)
(1129, 276)
(1766, 276)
(4244, 276)
(3230, 275)
(4512, 275)
(6144, 275)
(9070, 275)
(12408, 275)
(889, 274)
(1160, 274)
(2101, 274)
(2309, 274)
(3256, 274)
(3821, 274)
(5081, 274)
(8066, 274)
(984, 273)
(2568, 273)
(2777, 273)
(6296, 273)
(7399, 273)
(12344, 273)
(738, 272)
(1659, 272)
(3696, 272)
(3727, 272)
(7764, 272)
(9322, 272)
(149, 271)
(1092, 271)
(1201, 271)
(1249, 271)
(2714, 271)
(4049, 271)
(114, 270)
(847, 270)
(1208, 270)
(1666, 270)
(2341, 270)
(3082, 270)
(3854, 270)
(4454, 270)
(4899, 270)
(6701, 270)
(433, 269)
(2472, 269)
(3425, 269)
(2952, 268)
(3040, 268)
(4551, 268)
(7995, 268)
(345, 267)
(453, 267)
(931, 267)
(1045, 267)
(1328, 267)
(1898, 267)
(2648, 267)
(3363, 267)
(5331, 266)
(6664, 266)
(7708, 266)
(1081, 265)
(2108, 265)
(2142, 265)
(2713, 265)
(3626, 265)
(3208, 264)
(5345, 264)
(639, 263)
(695, 263)
(1027, 263)
(14629, 263)
(1472, 262)
(2224, 262)
(3849, 262)
(4423, 262)
(8388, 262)
(716, 261)
(2664, 261)
(2894, 261)
(6116, 261)
(8422, 261)
(759, 260)
(1105, 260)
(1152, 260)
(1215, 260)
(2193, 260)
(3798, 260)
(4246, 260)
(4257, 260)
(366, 259)
(1272, 259)
(1454, 259)
(6967, 259)
(9184, 259)
(15675, 259)
(958, 258)
(1500, 258)
(1918, 258)
(8366, 258)
(524, 257)
(914, 257)
(1031, 257)
(1994, 257)
(2645, 257)
(2727, 257)
(3785, 257)
(4103, 257)
(5064, 257)
(5193, 257)
(3822, 256)
(3930, 256)
(4973, 256)
(11209, 256)
(179, 255)
(386, 255)
(13206, 255)
(901, 254)
(918, 254)
(2252, 254)
(2268, 254)
(2584, 254)
(5327, 254)
(6564, 253)
(589, 252)
(1478, 252)
(2524, 252)
(2641, 251)
(2731, 251)
(3061, 251)
(3809, 251)
(4018, 251)
(4820, 251)
(5412, 251)
(5601, 251)
(12695, 251)
(13142, 251)
(2796, 250)
(5211, 250)
(11865, 250)
(77, 249)
(538, 249)
(1484, 249)
(1573, 249)
(1708, 249)
(3031, 249)
(3115, 249)
(3692, 249)
(4095, 249)
(7483, 249)
(788, 248)
(2752, 248)
(6410, 248)
(4875, 247)
(129, 246)
(15079, 246)
(632, 245)
(979, 245)
(4944, 245)
(10088, 245)
(11605, 245)
(1726, 244)
(4593, 244)
(9163, 244)
(16939, 244)
(585, 243)
(1371, 243)
(1610, 243)
(1714, 243)
(1885, 243)
(4851, 243)
(6858, 243)
(10536, 243)
(2529, 242)
(3936, 242)
(1364, 241)
(5153, 241)
(7530, 241)
(198, 240)
(711, 240)
(1934, 240)
(2927, 240)
(3285, 240)
(3826, 240)
(5912, 240)
(6357, 239)
(6640, 239)
(6913, 239)
(11725, 239)
(794, 238)
(1849, 238)
(4204, 238)
(5329, 238)
(6864, 238)
(38351, 238)
(2735, 237)
(4338, 237)
(4972, 237)
(5948, 237)
(6048, 237)
(7657, 237)
(9252, 237)
(1046, 236)
(1308, 236)
(4048, 236)
(4387, 236)
(4828, 236)
(280, 235)
(1158, 235)
(3397, 235)
(3427, 235)
(3444, 235)
(3465, 235)
(3501, 235)
(3896, 234)
(4418, 234)
(5156, 234)
(5962, 234)
(12067, 234)
(3165, 233)
(3491, 233)
(4359, 233)
(6848, 233)
(1082, 232)
(2546, 232)
(10013, 232)
(3174, 231)
(8109, 231)
(12337, 231)
(1013, 230)
(1569, 230)
(2869, 230)
(3915, 230)
(5123, 230)
(5361, 230)
(232, 229)
(1068, 229)
(1504, 229)
(1884, 229)
(2015, 229)
(2918, 229)
(6364, 229)
(11084, 229)
(1206, 228)
(1376, 228)
(2362, 228)
(8026, 228)
(27313, 228)
(1728, 227)
(14259, 227)
(4, 226)
(1049, 226)
(1267, 226)
(1466, 226)
(1775, 226)
(3299, 226)
(3471, 226)
(4153, 226)
(5594, 226)
(11365, 226)
(28701, 226)
(3157, 225)
(4527, 225)
(4834, 225)
(10051, 225)
(2141, 224)
(2667, 224)
(3178, 224)
(4166, 224)
(4180, 224)
(17072, 224)
(1182, 223)
(1925, 223)
(2012, 223)
(2232, 223)
(2313, 223)
(4275, 223)
(4829, 223)
(10571, 223)
(11690, 223)
(11945, 223)
(541, 222)
(1285, 222)
(2109, 222)
(2596, 222)
(6476, 222)
(2149, 221)
(2260, 221)
(3330, 221)
(5485, 221)
(499, 220)
(1283, 220)
(1455, 220)
(1786, 220)
(1958, 220)
(3043, 220)
(11089, 220)
(962, 219)
(1434, 219)
(2231, 219)
(2308, 219)
(2564, 219)
(4090, 219)
(11997, 219)
(480, 218)
(681, 218)
(2334, 218)
(2593, 218)
(2896, 218)
(4364, 218)
(4470, 218)
(11375, 218)
(872, 217)
(2112, 217)
(3325, 217)
(5878, 217)
(44039, 217)
(2090, 216)
(2920, 216)
(2949, 216)
(4952, 216)
(7272, 216)
(712, 215)
(1085, 215)
(1263, 215)
(3103, 215)
(4415, 215)
(4672, 215)
(8351, 215)
(10892, 215)
(12978, 215)
(16795, 215)
(2396, 214)
(3942, 214)
(3414, 213)
(4967, 213)
(10696, 213)
(180, 212)
(618, 212)
(672, 212)
(956, 212)
(9406, 212)
(10987, 212)
(14736, 212)
(2342, 211)
(3211, 211)
(3749, 211)
(5102, 211)
(8838, 211)
(369, 210)
(417, 210)
(2627, 210)
(2665, 210)
(3244, 210)
(9939, 210)
(1392, 209)
(2088, 209)
(3431, 209)
(4397, 209)
(8946, 209)
(10, 208)
(257, 208)
(1649, 208)
(2155, 208)
(2181, 208)
(2688, 208)
(5725, 208)
(12461, 208)
(392, 207)
(1035, 207)
(1070, 207)
(2009, 207)
(3107, 207)
(3334, 207)
(3934, 207)
(4249, 207)
(6797, 207)
(11737, 207)
(16797, 207)
(38, 206)
(136, 206)
(429, 206)
(803, 206)
(1388, 206)
(1846, 206)
(3201, 206)
(5170, 206)
(6787, 206)
(9065, 206)
(11087, 206)
(11240, 206)
(47472, 206)
(1627, 205)
(2067, 205)
(2816, 205)
(3009, 205)
(3249, 205)
(6095, 205)
(12034, 205)
(16590, 205)
(694, 204)
(1860, 204)
(3338, 204)
(4797, 204)
(7730, 204)
(10314, 204)
(10562, 204)
(1443, 203)
(1485, 203)
(1757, 203)
(2021, 203)
(2587, 203)
(4493, 203)
(6261, 203)
(7020, 203)
(7677, 203)
(12444, 203)
(22043, 203)
(1096, 202)
(3900, 202)
(4509, 202)
(14129, 202)
(16660, 202)
(454, 201)
(776, 201)
(2408, 201)
(4066, 201)
(4156, 201)
(6803, 201)
(7490, 201)
(10423, 201)
(13518, 201)
(37640, 201)
(547, 200)
(1325, 200)
(1696, 200)
(2791, 200)
(2971, 200)
(3071, 200)
(3276, 200)
(3525, 200)
(6321, 200)
(16915, 200)
(19653, 200)
(793, 199)
(2747, 199)
(4164, 199)
(5024, 199)
(189, 198)
(621, 198)
(1805, 198)
(2096, 198)
(2190, 198)
(3924, 198)
(6153, 198)
(8226, 198)
(47, 197)
(415, 197)
(1360, 197)
(1913, 197)
(5973, 197)
(11001, 197)
(11157, 197)
(356, 196)
(493, 196)
(1304, 196)
(1527, 196)
(3622, 196)
(6415, 196)
(6936, 196)
(11299, 196)
(11408, 196)
(333, 195)
(1674, 195)
(2052, 195)
(2429, 195)
(3695, 195)
(3825, 195)
(7621, 195)
(10080, 195)
(968, 194)
(1231, 194)
(1637, 194)
(6958, 194)
(14206, 194)
(14873, 194)
(22271, 194)
(729, 193)
(1246, 193)
(1853, 193)
(105, 192)
(910, 192)
(1054, 192)
(1269, 192)
(1568, 192)
(3368, 192)
(4742, 192)
(7021, 192)
(11166, 192)
(13223, 192)
(35211, 192)
(1093, 191)
(1259, 191)
(1330, 191)
(1734, 191)
(1922, 191)
(2122, 191)
(2343, 191)
(3710, 191)
(4381, 191)
(5273, 191)
(5383, 191)
(7480, 191)
(7836, 191)
(7994, 191)
(8246, 191)
(10598, 191)
(1039, 190)
(2131, 190)
(2286, 190)
(2733, 190)
(2970, 190)
(5047, 190)
(10481, 190)
(28151, 190)
(1264, 189)
(1415, 189)
(1632, 189)
(2456, 189)
(2786, 189)
(9319, 189)
(12793, 189)
(540, 188)
(1645, 188)
(2471, 188)
(2770, 188)
(4456, 188)
(5205, 188)
(5248, 188)
(8648, 188)
(1839, 187)
(8635, 187)
(11303, 187)
(1375, 186)
(2637, 186)
(3377, 186)
(462, 185)
(516, 185)
(578, 185)
(1034, 185)
(2616, 185)
(2764, 185)
(4366, 185)
(5541, 185)
(12316, 185)
(14661, 185)
(418, 184)
(1014, 184)
(4088, 184)
(4223, 184)
(4416, 184)
(5803, 184)
(7219, 184)
(532, 183)
(1242, 183)
(2184, 183)
(2588, 183)
(2835, 183)
(4169, 183)
(14704, 183)
(20559, 183)
(2803, 182)
(3260, 182)
(4703, 182)
(5392, 182)
(6627, 182)
(6675, 182)
(7517, 182)
(8900, 182)
(9292, 182)
(9358, 182)
(10698, 182)
(13709, 182)
(14214, 182)
(15937, 182)
(53, 181)
(1914, 181)
(3499, 181)
(3949, 181)
(5807, 181)
(6215, 181)
(9613, 181)
(9853, 181)
(11391, 181)
(431, 180)
(608, 180)
(2730, 180)
(2928, 180)
(3413, 180)
(3758, 180)
(5035, 180)
(8566, 180)
(1451, 179)
(2539, 179)
(3289, 179)
(3459, 179)
(4358, 179)
(5082, 179)
(13, 178)
(1759, 178)
(2242, 178)
(2903, 178)
(3143, 178)
(3837, 178)
(5055, 178)
(7950, 178)
(9938, 178)
(12106, 178)
(568, 177)
(1541, 177)
(1566, 177)
(2036, 177)
(3527, 177)
(3910, 177)
(5191, 177)
(10296, 177)
(16254, 177)
(146, 176)
(2118, 176)
(3033, 176)
(3853, 176)
(6725, 176)
(6791, 176)
(7073, 176)
(9244, 176)
(11044, 176)
(580, 175)
(810, 175)
(2661, 175)
(4457, 175)
(4732, 175)
(9841, 175)
(1893, 174)
(4273, 174)
(9542, 174)
(10911, 174)
(17608, 174)
(18164, 174)
(656, 173)
(1458, 173)
(2210, 173)
(2990, 173)
(4150, 173)
(4896, 173)
(4991, 173)
(6502, 173)
(7976, 173)
(13250, 173)
(15530, 173)
(37629, 173)
(1102, 172)
(3526, 172)
(4637, 172)
(5373, 172)
(6051, 172)
(6527, 172)
(7026, 172)
(7200, 172)
(11729, 172)
(13972, 172)
(2100, 171)
(9031, 171)
(11175, 171)
(37624, 171)
(45949, 171)
(96, 170)
(2391, 170)
(3707, 170)
(4400, 170)
(4474, 170)
(6409, 170)
(7397, 170)
(12926, 170)
(45379, 170)
(1509, 169)
(2788, 169)
(3582, 169)
(3750, 169)
(3905, 169)
(4002, 169)
(4751, 169)
(4943, 169)
(5411, 169)
(7221, 169)
(7324, 169)
(7346, 169)
(8095, 169)
(8196, 169)
(9152, 169)
(801, 168)
(1684, 168)
(2128, 168)
(2892, 168)
(2954, 168)
(4868, 168)
(5330, 168)
(6414, 168)
(7398, 168)
(9925, 168)
(12179, 168)
(15114, 168)
(16967, 168)
(49217, 168)
(120, 167)
(601, 167)
(1012, 167)
(1111, 167)
(3192, 167)
(5234, 167)
(6327, 167)
(6661, 167)
(9664, 167)
(13670, 167)
(13957, 167)
(14125, 167)
(26760, 167)
(49365, 167)
(49810, 167)
(820, 166)
(1194, 166)
(1482, 166)
(2484, 166)
(3353, 166)
(4555, 166)
(6591, 166)
(7566, 166)
(1548, 165)
(2001, 165)
(2044, 165)
(2522, 165)
(3235, 165)
(4108, 165)
(4154, 165)
(4269, 165)
(12233, 165)
(28671, 165)
(2094, 164)
(2182, 164)
(3866, 164)
(3977, 164)
(4748, 164)
(5731, 164)
(6861, 164)
(6920, 164)
(8429, 164)
(13249, 164)
(28856, 164)
(796, 163)
(2536, 163)
(4725, 163)
(15756, 163)
(16154, 163)
(1216, 162)
(1317, 162)
(1719, 162)
(5317, 162)
(6109, 162)
(6562, 162)
(7096, 162)
(7162, 162)
(9023, 162)
(13651, 162)
(27261, 162)
(28393, 162)
(1043, 161)
(1346, 161)
(2406, 161)
(2566, 161)
(5267, 161)
(8115, 161)
(10690, 161)
(16451, 161)
(21279, 161)
(26096, 161)
(405, 160)
(2856, 160)
(3209, 160)
(3212, 160)
(4843, 160)
(6418, 160)
(6625, 160)
(10595, 160)
(311, 159)
(1131, 159)
(1883, 159)
(2358, 159)
(3969, 159)
(4306, 159)
(4521, 159)
(5009, 159)
(6090, 159)
(6764, 159)
(13410, 159)
(13999, 159)
(15808, 159)
(1212, 158)
(1591, 158)
(2335, 158)
(3067, 158)
(3733, 158)
(4468, 158)
(4683, 158)
(5204, 158)
(5530, 158)
(9129, 158)
(10468, 158)
(11428, 158)
(860, 157)
(1292, 157)
(1409, 157)
(3064, 157)
(3135, 157)
(4490, 157)
(5409, 157)
(7370, 157)
(9875, 157)
(9920, 157)
(10252, 157)
(11720, 157)
(14680, 157)
(641, 156)
(1057, 156)
(1471, 156)
(2590, 156)
(2915, 156)
(3184, 156)
(4395, 156)
(5945, 156)
(10437, 156)
(12513, 156)
(18842, 156)
(43424, 156)
(69, 155)
(2283, 155)
(2737, 155)
(3971, 155)
(4601, 155)
(5706, 155)
(6497, 155)
(2329, 154)
(2919, 154)
(3104, 154)
(5763, 154)
(6424, 154)
(10030, 154)
(10031, 154)
(10374, 154)
(13156, 154)
(15866, 154)
(500, 153)
(2361, 153)
(2716, 153)
(3360, 153)
(4478, 153)
(5626, 153)
(6375, 153)
(9899, 153)
(10936, 153)
(11007, 153)
(13601, 153)
(18, 152)
(938, 152)
(1585, 152)
(2384, 152)
(2757, 152)
(4093, 152)
(10376, 152)
(10755, 152)
(17722, 152)
(19924, 152)
(20612, 152)
(22308, 152)
(44061, 152)
(97, 151)
(1010, 151)
(1117, 151)
(1658, 151)
(1750, 151)
(2050, 151)
(2160, 151)
(4621, 151)
(8266, 151)
(9626, 151)
(11083, 151)
(11298, 151)
(11911, 151)
(39843, 151)
(293, 150)
(1867, 150)
(1960, 150)
(2280, 150)
(4261, 150)
(6948, 150)
(10501, 150)
(18342, 150)
(1447, 149)
(1453, 149)
(2066, 149)
(2423, 149)
(3259, 149)
(4016, 149)
(4365, 149)
(4889, 149)
(6912, 149)
(7638, 149)
(7665, 149)
(9489, 149)
(11256, 149)
(11429, 149)
(12345, 149)
(17383, 149)
(20594, 149)
(23007, 149)
(26805, 149)
(27352, 149)
(70, 148)
(121, 148)
(171, 148)
(247, 148)
(693, 148)
(1191, 148)
(5263, 148)
(5583, 148)
(6326, 148)
(7930, 148)
(10547, 148)
(11575, 148)
(11627, 148)
(284, 147)
(342, 147)
(1320, 147)
(2929, 147)
(3311, 147)
(3752, 147)
(4117, 147)
(5563, 147)
(6299, 147)
(8097, 147)
(8420, 147)
(12036, 147)
(15993, 147)
(27348, 147)
(210, 146)
(441, 146)
(965, 146)
(1613, 146)
(3568, 146)
(3693, 146)
(3907, 146)
(3947, 146)
(4262, 146)
(4484, 146)
(4757, 146)
(4954, 146)
(5511, 146)
(6237, 146)
(6881, 146)
(10050, 146)
(10771, 146)
(14298, 146)
(28711, 146)
(33360, 146)
(1368, 145)
(2080, 145)
(2119, 145)
(3250, 145)
(4372, 145)
(6038, 145)
(6316, 145)
(6563, 145)
(7672, 145)
(8102, 145)
(9339, 145)
(10719, 145)
(13013, 145)
(17829, 145)
(29102, 145)
(166, 144)
(964, 144)
(2023, 144)
(2029, 144)
(2048, 144)
(2550, 144)
(2871, 144)
(4047, 144)
(4624, 144)
(4955, 144)
(5398, 144)
(7230, 144)
(7564, 144)
(8364, 144)
(8863, 144)
(9603, 144)
(10655, 144)
(14082, 144)
(27856, 144)
(34385, 144)
(47919, 144)
(2765, 143)
(4587, 143)
(7697, 143)
(7951, 143)
(9879, 143)
(10221, 143)
(16150, 143)
(17839, 143)
(27064, 143)
(28112, 143)
(11, 142)
(244, 142)
(852, 142)
(1271, 142)
(2898, 142)
(2942, 142)
(3056, 142)
(4253, 142)
(5890, 142)
(6706, 142)
(7797, 142)
(10544, 142)
(10873, 142)
(11304, 142)
(15321, 142)
(17629, 142)
(19132, 142)
(23696, 142)
(512, 141)
(1469, 141)
(2239, 141)
(2336, 141)
(2368, 141)
(3478, 141)
(3611, 141)
(3827, 141)
(8632, 141)
(11127, 141)
(19478, 141)
(402, 140)
(798, 140)
(1090, 140)
(1707, 140)
(3762, 140)
(5733, 140)
(5856, 140)
(6886, 140)
(7298, 140)
(7599, 140)
(11288, 140)
(12871, 140)
(13465, 140)
(15025, 140)
(21130, 140)
(30577, 140)
(1156, 139)
(1183, 139)
(1475, 139)
(2445, 139)
(3929, 139)
(4134, 139)
(4231, 139)
(5576, 139)
(5892, 139)
(11569, 139)
(12828, 139)
(12863, 139)
(13980, 139)
(23144, 139)
(765, 138)
(1147, 138)
(1628, 138)
(2243, 138)
(2738, 138)
(3372, 138)
(3529, 138)
(3574, 138)
(3782, 138)
(4287, 138)
(4816, 138)
(4953, 138)
(5512, 138)
(7035, 138)
(11413, 138)
(22030, 138)
(1679, 137)
(1761, 137)
(1933, 137)
(2955, 137)
(3221, 137)
(3455, 137)
(3466, 137)
(4041, 137)
(5180, 137)
(6561, 137)
(7341, 137)
(8208, 137)
(10225, 137)
(15334, 137)
(48904, 137)
(110, 136)
(1113, 136)
(3484, 136)
(3596, 136)
(4394, 136)
(4715, 136)
(5585, 136)
(6730, 136)
(10303, 136)
(11140, 136)
(12875, 136)
(13777, 136)
(16074, 136)
(23810, 136)
(334, 135)
(981, 135)
(982, 135)
(1199, 135)
(1232, 135)
(2758, 135)
(3051, 135)
(3643, 135)
(3944, 135)
(5801, 135)
(7891, 135)
(11668, 135)
(15621, 135)
(27914, 135)
(39354, 135)
(1768, 134)
(2387, 134)
(2409, 134)
(2768, 134)
(2838, 134)
(2957, 134)
(3057, 134)
(3203, 134)
(3687, 134)
(3811, 134)
(4254, 134)
(6247, 134)
(11168, 134)
(12225, 134)
(12790, 134)
(16018, 134)
(167, 133)
(602, 133)
(1769, 133)
(2086, 133)
(2314, 133)
(2474, 133)
(2860, 133)
(2876, 133)
(3014, 133)
(4392, 133)
(4581, 133)
(4914, 133)
(5588, 133)
(6104, 133)
(7111, 133)
(7515, 133)
(7823, 133)
(10047, 133)
(10458, 133)
(11026, 133)
(14113, 133)
(28795, 133)
(313, 132)
(1270, 132)
(1657, 132)
(2517, 132)
(2875, 132)
(3108, 132)
(3893, 132)
(4713, 132)
(6840, 132)
(8212, 132)
(11143, 132)
(11193, 132)
(19214, 132)
(1088, 131)
(1185, 131)
(1543, 131)
(2274, 131)
(3650, 131)
(5458, 131)
(9527, 131)
(9904, 131)
(10106, 131)
(10190, 131)
(10388, 131)
(12708, 131)
(13312, 131)
(21157, 131)
(269, 130)
(461, 130)
(1744, 130)
(1783, 130)
(1809, 130)
(2258, 130)
(3028, 130)
(3095, 130)
(3382, 130)
(3668, 130)
(6125, 130)
(7536, 130)
(7573, 130)
(8607, 130)
(10425, 130)
(11696, 130)
(11758, 130)
(21131, 130)
(444, 129)
(1961, 129)
(2581, 129)
(2615, 129)
(3600, 129)
(3716, 129)
(3806, 129)
(4070, 129)
(4270, 129)
(4433, 129)
(4635, 129)
(4979, 129)
(6107, 129)
(9338, 129)
(9475, 129)
(9515, 129)
(9922, 129)
(10699, 129)
(11898, 129)
(12078, 129)
(12210, 129)
(660, 128)
(1001, 128)
(1689, 128)
(2156, 128)
(2272, 128)
(3242, 128)
(3691, 128)
(4042, 128)
(4113, 128)
(4844, 128)
(5628, 128)
(5893, 128)
(6568, 128)
(7022, 128)
(9685, 128)
(10136, 128)
(11191, 128)
(13310, 128)
(15381, 128)
(20493, 128)
(24535, 128)
(35253, 128)
(367, 127)
(1301, 127)
(1331, 127)
(3482, 127)
(4481, 127)
(4791, 127)
(5236, 127)
(5712, 127)
(7432, 127)
(11452, 127)
(14529, 127)
(45017, 127)
(1465, 126)
(2062, 126)
(2473, 126)
(2827, 126)
(4451, 126)
(5776, 126)
(6889, 126)
(7248, 126)
(7649, 126)
(7812, 126)
(8030, 126)
(8953, 126)
(9944, 126)
(10174, 126)
(10361, 126)
(10384, 126)
(11136, 126)
(11617, 126)
(12053, 126)
(13345, 126)
(35267, 126)
(7, 125)
(266, 125)
(1537, 125)
(1583, 125)
(1647, 125)
(1740, 125)
(1772, 125)
(1945, 125)
(1989, 125)
(3217, 125)
(4402, 125)
(5166, 125)
(6097, 125)
(6724, 125)
(6734, 125)
(8775, 125)
(10942, 125)
(10982, 125)
(13232, 125)
(13872, 125)
(49528, 125)
(590, 124)
(3584, 124)
(4350, 124)
(4650, 124)
(5048, 124)
