yachtData.csv DATASET
Polynomial =:1
RMSE_test: [0.6772528178603671, 0.5855651186256645, 0.6997449243549899, 0.5647091921750106, 0.5705244780738224, 0.516989106807099, 0.549304237982971, 0.5449162481807744, 0.6412328127055519, 0.5855244345643348]
Mean test RMSE: 0.593576
RMSE_train: [0.5912448869033219, 0.5825176784088663, 0.577689817297123, 0.5810374993313059, 0.5847951842004592, 0.582462903671156, 0.574537988828633, 0.590743379256204, 0.5908101258962323, 0.5792949006368381]
Mean test RMSE: 0.583513
SSE_test: [13.760141378994227, 10.286595244532656, 14.689288774817115, 9.5668941518085919, 9.764945402442228, 8.0183320967160601, 9.052054375981573, 8.9080115259423422, 12.335385602708202, 10.285165904156518]
Mean SSE_test: 10.666681
SSE_train: [94.384039398116911, 91.618248327890939, 90.105891752371477, 91.153235419877845, 92.336060015293228, 91.601019221319291, 89.125353163957627, 94.223989836460589, 94.24528331261088, 90.60729711403792]
Mean SSE_train: 91.940042

Polynomial =:2
RMSE_test: [0.250552739682388, 0.27076894767092513, 0.2816642146019987, 0.35689525459221916, 0.29569387471338676, 0.23320913236898858, 0.23797190100816096, 0.3195578618220145, 0.33030947229795127, 0.25117228754604143]
Mean test RMSE: 0.282780
RMSE_train: [0.27907129787590484, 0.2712172587664432, 0.2724687585311651, 0.26485730767954013, 0.2743617827151758, 0.26516935364344096, 0.27061588727312, 0.2712904388430428, 0.2647085779399268, 0.26689263763376253]
Mean test RMSE: 0.270065
SSE_test: [1.8833002608705152, 2.1994746906846063, 2.3800418936208234, 3.8212266825133483, 2.6230460262904822, 1.6315949826088931, 1.6989187700831385, 3.0635168115677316, 3.2731304246925306, 1.8926255409333397]
Mean SSE_test: 2.446688
SSE_train: [21.027813110498339, 19.86087639225163, 20.044590581388874, 18.940336226438738, 20.324084709955319, 18.984992250153667, 19.772898780046859, 19.871595596065706, 18.919070433444144, 19.232553606238859]
Mean SSE_train: 19.697881

Polynomial =:3
RMSE_test: [0.13635665406425682, 0.11018409832224503, 0.18811537522045485, 0.12348723749129745, 0.1321817552250585, 0.06818644582317054, 0.1227181398957308, 0.15890527806880492, 0.13323302891616406, 0.09054011735998774]
Mean test RMSE: 0.126391
RMSE_train: [0.11954793908319561, 0.1223995536072692, 0.11669661726208858, 0.1218204703954552, 0.11917586057825362, 0.12211407689475151, 0.1205558557914889, 0.11636281050203583, 0.11850750193756726, 0.1257714467252364]
Mean test RMSE: 0.120295
SSE_test: [0.55779411322798222, 0.3642160656925848, 1.0616218318299757, 0.45747293469696293, 0.52416049243131846, 0.13948174181988518, 0.45179225578404469, 0.75752662194372633, 0.53253119982526231, 0.24592538554681059]
Mean SSE_test: 0.509252
SSE_train: [3.8587616295406506, 4.0450456952798675, 3.6768871297118855, 4.0068612919898934, 3.834779151033183, 4.026198899481467, 3.924102878716933, 3.6558819903418285, 3.7918875641802772, 4.2709833390669241]
Mean SSE_train: 3.909139

Polynomial =:4
RMSE_test: [2.0602980582933594, 3.292445872528077, 0.8085750513420686, 0.5292497526965803, 0.8939502685827, 10.060354953248229, 0.5974012305705692, 0.23041880852326405, 34.994095081132784, 0.4311344708416845]
Mean test RMSE: 5.389792
RMSE_train: [1.504533498652845, 3.0642142554216645, 0.9415708227909543, 0.49986631023424616, 1.0316554159394262, 9.937079658411882, 0.5298641162930072, 0.16727907756683266, 31.370370454613834, 0.48975631352098054]
Mean test RMSE: 4.953619
SSE_test: [127.34484267022158, 325.20599470581516, 19.61380840958487, 8.4031590218817414, 23.974412480972447, 3036.322253560385, 10.706646908616909, 1.5927848196384184, 36737.600716420849, 5.5763079584381785]
Mean SSE_test: 4029.634093
SSE_train: [611.17768311351392, 2535.1404308449228, 239.37001586943333, 67.463908588943895, 287.36448225403069, 26661.299077158266, 75.804115068441774, 7.5552182437348137, 265707.03846412135, 64.762536591088463]
Mean SSE_train: 29625.697593

Polynomial =:5
RMSE_test: [4.996329620252863, 10.096993161083931, 7.062110181399542, 31.182557785035954, 303.71159431783826, 1.5385272715007525, 5.389106352490349, 27.709183709779083, 3.6131772889897142, 19.75514723174098]
Mean test RMSE: 41.505473
RMSE_train: [5.035348999697016, 11.770642497458086, 7.374492267268243, 25.650979581213168, 268.4552483243201, 1.6744123793773296, 5.086803073272015, 25.923147583050433, 3.02878344610921, 19.295147812858858]
Mean test RMSE: 37.329501
SSE_test: [748.89929022648346, 3058.4781268492702, 1496.2020064268122, 29170.557300513188, 2767221.9756924952, 71.01198495454652, 871.27401835355499, 23033.965855868599, 391.65150365013181, 11707.975264432902]
Mean SSE_test: 283777.199104
SSE_train: [6845.7796781624284, 37407.966696800904, 14683.44677399976, 177652.64343847003, 19458419.495275542, 756.98734037725364, 6986.4026866873946, 181442.58676540563, 2476.8528741247987, 100521.73686241941]
Mean SSE_train: 1998719.389839

Polynomial =:6
RMSE_test: [12.915192972924022, 2.6882297406982665, 63.65988768007903, 18.267723450820906, 5.603597789973524, 6.148360882089562, 1.1800365508664998, 31.629840378481806, 11.003886546987824, 28.054993694195787]
Mean test RMSE: 18.115175
RMSE_train: [13.521909865608672, 2.3137538948119882, 67.64019134997709, 14.583029622620161, 5.806625335768267, 6.082935705556671, 1.349936330936183, 26.203258484529112, 10.810452314768742, 27.402110414544637]
Mean test RMSE: 17.571420
SSE_test: [5004.066285835981, 216.79737416324005, 121577.43898320834, 10011.291602270161, 942.00924575388467, 1134.0702460922739, 41.774587841427163, 30013.404071047142, 3632.5655741693877, 23612.480135440961]
Mean SSE_test: 19618.589811
SSE_train: [49367.352531684184, 1445.4334131545645, 1235302.7811826093, 57419.483303038622, 9103.5624032962041, 9990.5688354427839, 492.02858634698981, 185384.90390590264, 31553.787397469991, 202736.42689614181]
Mean SSE_train: 178279.632846

Polynomial =:7
RMSE_test: [17.23073968023251, 28.83599866925737, 2.2294536844836377, 20.454557475672935, 18.311921431127242, 1.1653887386581083, 1.045186392646487, 11.641948218531411, 29.20644551188954, 1.8828343927937006]
Mean test RMSE: 13.200447
RMSE_train: [16.56507875355477, 23.5482600149152, 2.4369394411548164, 25.260490661972053, 16.304245893142372, 1.338555436178866, 0.9609808667976156, 11.730609296474492, 30.234204795175486, 1.7790785178902235]
Mean test RMSE: 13.015844
SSE_test: [8906.9516978381744, 24945.444577602386, 149.11391193772999, 12551.667645768226, 10059.793994993315, 40.743927365734109, 32.772437861201304, 4066.0487496890005, 25590.493783169179, 106.35196052060469]
Mean SSE_test: 8644.938269
SSE_train: [74088.495210097346, 149720.54842711461, 1603.4419367611063, 172284.94489056585, 71773.677218893485, 483.76727704547852, 249.34074111479612, 37153.942505964129, 246808.92769108532, 854.58250066098799]
Mean SSE_train: 75502.166840