
WINE DATASET

1) '0' as Positive:
		Best C	Best Gamma			Training Accuracy 		Testing Accuracy		Training Precision		Testing Precision		Training Recall			Testing Recall
		128		6.103515625e-05		0.99346405228758172		0.94117647058823528		1.0						1.0						0.97999999999999998		0.83333333333333337
		1024	3.0517578125e-05	1.0						1.0						1.0						1.0						1.0						1.0
		512		3.0517578125e-05	0.99346405228758172		1.0						1.0						1.0						0.98113207547169812		1.0
		1024	3.0517578125e-05	0.99346405228758172		1.0						0.98113207547169812		1.0						1.0						1.0
		1024	3.0517578125e-05	1.0						1.0						1.0						1.0						1.0						1.0
		256		3.0517578125e-05	1.0						0.94117647058823528		1.0						1.0						1.0						0.83333333333333337
		256		3.0517578125e-05	0.99346405228758172		1.0						1.0						1.0						0.98113207547169812		1.0
		512		3.0517578125e-05	0.99346405228758172		1.0						1.0						1.0						0.98039215686274506		1.0
		128		0.000244140625		1.0						1.0						1.0						1.0						1.0						1.0
		1024	3.0517578125e-05	1.0						1.0						1.0						1.0						1.0						1.0
		
Mean:								0.996732026144			0.988235294118			0.998113207547			1.0						0.992265630781			0.966666666667
Std dev:							0.0034447469065014905	0.024802177726810825	0.005966561622959205	0.0						0.009990328613707425	0.07027283689263064

2) '1' as Positive:
		Best C		Best Gamma			Training Accuracy 		Testing Accuracy		Training Precision		Testing Precision		Training Recall			Testing Recall
			128		3.0517578125e-05		0.98692810457516345		1.0						1.0					1.0						0.96721311475409832		1.0
			256		3.0517578125e-05		0.97385620915032678		1.0						1.0					1.0						0.93548387096774188		1.0
			1024	3.0517578125e-05		0.98692810457516345		1.0						1.0					1.0						0.96551724137931039		1.0
			1024	3.0517578125e-05		0.99346405228758172		0.94117647058823528		1.0					1.0						0.9838709677419355		0.80000000000000004
			256		3.0517578125e-05		0.98692810457516345		1.0						1.0					1.0						0.96666666666666667		1.0
			256		3.0517578125e-05		0.98692810457516345		1.0						1.0					1.0						0.96875					1.0
			128		0.0001220703125			0.97385620915032678		1.0						1.0					1.0						0.92592592592592593		1.0
			256		3.0517578125e-05		0.98692810457516345		0.94117647058823528		1.0					1.0						0.96721311475409832		0.83333333333333337
			128		3.0517578125e-05		0.98692810457516345		1.0						1.0					1.0						0.96825396825396826		1.0
			512		3.0517578125e-05		0.98039215686274506		1.0						1.0					1.0						0.94827586206896552		1.0

Mean:										0.98431372549			0.988235294118			1.0					1.0						0.959717073251			0.963333333333
Std dev:									0.006314325379603267	0.024802177726810825	0.0					0.0						0.01761373857776908		0.07769837216465371


3) '2' as Positive:
		Best C		Best Gamma			Training Accuracy 		Testing Accuracy		Training Precision		Testing Precision		Training Recall			Testing Recall
		256			3.0517578125e-05	0.99346405228758172		0.94117647058823528		0.97727272727272729		0.75					1.0						1.0
		256			3.0517578125e-05	0.99346405228758172		1.0						0.97499999999999998		1.0						1.0						1.0
		256			3.0517578125e-05	0.99346405228758172		1.0						0.97777777777777775		1.0						1.0						1.0
		512			3.0517578125e-05	0.99346405228758172		1.0						0.97674418604651159		1.0						1.0						1.0
		1024		3.0517578125e-05	0.99346405228758172		1.0						0.97727272727272729		1.0						1.0						1.0
		1024		6.103515625e-05		0.99346405228758172		0.94117647058823528		0.97619047619047616		0.83333333333333337		1.0						1.0
		512			3.0517578125e-05	0.99346405228758172		1.0						0.97499999999999998		1.0						1.0						1.0
		1024		3.0517578125e-05	0.99346405228758172		1.0						0.97619047619047616		1.0						1.0						1.0
		512			3.0517578125e-05	0.98692810457516345		1.0						0.9555555555555556		1.0						1.0						1.0
		512			6.103515625e-05		0.99346405228758172		1.0						0.97499999999999998		1.0						1.0						1.0
		
Mean:									0.992810457516			0.988235294118			0.974200392631			0.958333333333			1.0						1.0
Std dev:								0.0020668481439008943	0.024802177726810825	0.006630032514430405	0.09001028747788693		0.0						0.0
		

