1) BREAST CANCER Dataset

		Best C	Best Gamma			Training Accuracy 		Testing Accuracy		Training Precision		Testing Precision		Training Recall			Testing Recall
		64		3.0517578125e-05	0.95238095238095233		0.9464285714285714		0.99367088607594933		1.0						0.87222222222222223		0.89655172413793105
		32		3.0517578125e-05	0.95238095238095233		0.9285714285714286		1.0						1.0						0.87301587301587302		0.80000000000000004
		16		3.0517578125e-05	0.93650793650793651		0.9642857142857143		1.0						1.0						0.8306878306878307		0.9
		8		3.0517578125e-05	0.92261904761904767		0.875					1.0						1.0						0.7857142857142857		0.74
		32		3.0517578125e-05	0.94841269841269837		0.9821428571428571		1.0						1.0						0.86387434554973819		0.94
		16		3.0517578125e-05	0.94047619047619047		0.9642857142857143		1.0						1.0						0.84210526315789469		0.89473684210526316
		32		3.0517578125e-05	0.95436507936507942		0.8928571428571429		1.0						1.0						0.87362637362637363		0.77
		256		3.0517578125e-05	0.98015873015873012		0.9642857142857143		0.99450549450549453		1.0						0.95263157894736838		0.89473684210526316
		128		3.0517578125e-05	0.97023809523809523		0.9821428571428571		0.99447513812154698		1.0						0.92783505154639179		0.93
		16		3.0517578125e-05	0.94444444444444442		0.9107142857142857		1.0						1.0						0.85567010309278346		0.66
					
Mean:								0.950198412698			0.941071428571			0.99826515187			1.0						0.867738292756			0.844898837131
Std dev:							0.016346819657645048	0.037693190949970375	0.0028022687661067827	0.0						0.04692714968432473		0.09281915405522229
		

2) DIABETES Dataset

		Best C	Best Gamma			Training Accuracy 		Testing Accuracy		Training Precision		Testing Precision		Training Recall			Testing Recall
		16		3.0517578125e-05	0.65350877192982459		0.63157894736842102		0						0						0						0
		8		3.0517578125e-05	0.66812865497076024		0.5						0						0						0						0
		32		6.103515625e-05		0.66520467836257313		0.63157894736842102		0.75					0						0.050632911392405063	0
		16		3.0517578125e-05	0.65350877192982459		0.63157894736842102		0						0						0						0
		32		3.0517578125e-05	0.66081871345029242		0.68421052631578949		0.8						0						0.049792531120331947	0.416
		8		3.0517578125e-05	0.65204678362573099		0.64473684210526316		0						0.5						0						0
		8		3.0517578125e-05	0.65204678362573099		0.64473684210526316		0						0						0						0
		16		3.0517578125e-05	0.64035087719298245		0.75					0						0						0						0
		16		3.0517578125e-05	0.64766081871345027		0.68421052631578949		0						0						0						0
		8		3.0517578125e-05	0.64473684210526316		0.71052631578947367		0						0						0						0
		
Mean:								0.653801169591			0.651315789474			0.155					0.05					0.0100425442513			0.00416
Stdev:								0.008766513380806583	0.06629919499048673		0.32698114114833393		0.158					0.02117246881382745		0.013176156917368247


3) SPAMBASE Dataset

		Best C	Best Gamma			Training Accuracy 		Testing Accuracy		Training Precision		Testing Precision		Training Recall			Testing Recall
		1024	3.0517578125e-05	0.9357487922705314		0.9065217391304348		0.933968253968254		0.8820224719101124		0.900796080832823		0.8770949720670391
		8		3.0517578125e-05	0.9326086956521739		0.9152173913043479		0.9281663516068053		0.9141104294478528		0.8992673992673993		0.8563218390804598
		1024	3.0517578125e-05	0.93743961352657		0.9173913043478261		0.933375235700817		0.9197530864197531		0.9065934065934066		0.8563218390804598
		1024	3.0517578125e-05	0.9342995169082126		0.9195652173913044		0.9262038774233896		0.9375					0.9058103975535168		0.847457627118644
		512		3.0517578125e-05	0.9323671497584541		0.9326086956521739		0.9296131896005073		0.9147727272727273		0.8966360856269113		0.9096045197740112
		1024	3.0517578125e-05	0.9350241545893719		0.9304347826086956		0.9317166560306318		0.9202127659574468		0.9001233045622689		0.9105263157894737
		16		3.0517578125e-05	0.9292270531400966		0.9456521739130435		0.928891736066624		0.9428571428571428		0.8884803921568627		0.9166666666666666
		1024	3.0517578125e-05	0.9326086956521739		0.9326086956521739		0.9308578745198464		0.9105263157894737		0.8947692307692308		0.9251336898395722
		512		3.0517578125e-05	0.9321256038647343		0.9434782608695652		0.924492385786802		0.9513513513513514		0.8999382334774553		0.9119170984455959
		1024	3.0517578125e-05	0.9326086956521739		0.9369565217391305		0.9311224489795918		0.9318181818181818		0.8951563458001226		0.9060773480662984
		
Mean:								0.9334057971014492		0.9280434782608695		0.9298408009683269		0.9224924472824042		0.8987570876639998		0.8917121915928221
Std dev:							0.002291646997441086	0.012859001409295983	0.0030057918018752596	0.019673201421509138	0.0053521968973595695	0.029260342359769768



