1) DIABETES DATASET

		Best C	Best Gamma			Training Accuracy 		Testing Accuracy		Training Precision		Testing Precision		Training Recall			Testing Recall
		1		0.015625			0.79239766081871343		0.69736842105263153		0.77456647398843925		0.63157894736842102		0.56540084388185652		0.42857142857142855
		64		0.001953125			0.78947368421052633		0.73684210526315785		0.75776397515527949		0.80000000000000004		0.5374449339207048		0.63157894736842102
		0.5		0.015625			0.78801169590643272		0.72368421052631582		0.78048780487804881		0.70588235294117652		0.54008438818565396		0.42857142857142855
		512		0.00048828125		0.7807017543859649		0.77631578947368418		0.74033149171270718		0.8666666666666667		0.56540084388185652		0.4642857142857143
		256		0.0009765625		0.77485380116959068		0.82894736842105265		0.74033149171270718		0.82352941176470584		0.55601659751037347		0.58333333333333337
		1024	0.000244140625		0.77777777777777779		0.72368421052631582		0.7415730337078652		0.625					0.55462184873949583		0.55555555555555558
		0.25	0.03125				0.77777777777777779		0.80263157894736847		0.76219512195121952		0.80000000000000004		0.52521008403361347		0.59259259259259256
		0.5		0.0625				0.78947368421052633		0.85526315789473684		0.78333333333333333		0.72222222222222221		0.57317073170731703		0.68421052631578949
		1024	0.00048828125		0.78801169590643272		0.73684210526315785		0.75806451612903225		0.59999999999999998		0.58506224066390045		0.5
		8		0.001953125			0.77485380116959068		0.77631578947368418		0.7458563535911602		0.66666666666666663		0.55555555555555558		0.45454545454545453
		
Mean:								0.783333333333			0.765789473684			0.758450359616			0.724154626763			0.555796806808			0.532324498114
Std dev:							0.006780712331745046	0.051073426764946105	0.01659726760206003		0.09377799682646679		0.017837226757256467	0.09002948008086818


2) BREAST CANCER DATASET

		Best C	Best Gamma			Training Accuracy 		Testing Accuracy		Training Precision		Testing Precision		Training Recall			Testing Recall
		128		0.0009765625		0.98412698412698407		0.9285714285714286		0.9831460674157303		0.96296296296296291		0.97222222222222221		0.89655172413793105
		1024	0.0001220703125		0.98611111111111116		1.0						0.99456521739130432		1.0						0.96825396825396826		1.0
		8		0.0078125			0.98611111111111116		1.0						0.99456521739130432		1.0						0.96825396825396826		1.0
		1024	3.0517578125e-05	0.9821428571428571		0.9642857142857143		0.99428571428571433		0.96296296296296291		0.95604395604395609		0.96296296296296291	
		2		0.015625			0.98809523809523814		0.9821428571428571		0.99465240641711228		0.94736842105263153		0.97382198952879584		1.0
		64		0.001953125			0.98611111111111116		0.9642857142857143		1.0						1.0						0.9631578947368421		0.89473684210526316
		16		0.001953125			0.98611111111111116		0.9285714285714286		1.0						0.95999999999999996		0.96153846153846156		0.88888888888888884
		32		0.0009765625		0.98412698412698407		0.9642857142857143		0.99456521739130432		0.94736842105263153		0.9631578947368421		0.94736842105263153
		2		0.03125				0.98809523809523814		1.0						1.0						1.0						0.96907216494845361		1.0
		2		0.03125				0.98809523809523814		1.0						1.0						1.0						0.96907216494845361		1.0
		
Mean:								0.985912698413			0.973214285714			0.995577984029			0.978066276803			0.966459468521			0.959050883915
Std dev:							0.0019730732658963745	0.028234621965789086	0.005146446405722163	0.023741123012794744	0.005395562563858648	0.04887749008662187




3) SPAMBASE DATASET

		Best C	Best Gamma			Training Accuracy 		Testing Accuracy		Training Precision		Testing Precision		Training Recall			Testing Recall
		128		0.001953125			0.9538647342995169		0.92608695652173911		0.95403022670025184		0.90055248618784534		0.92774035517452547		0.91061452513966479
		128		0.001953125			0.95289855072463769		0.94782608695652171		0.955205047318612		0.93604651162790697		0.92429792429792434		0.92528735632183912
		128		0.001953125			0.95676328502415464		0.92608695652173911		0.95622263914946837		0.9375					0.93345543345543347		0.86206896551724133
		128		0.001953125			0.95265700483091786		0.93478260869565222		0.95223130106851039		0.96226415094339623		0.92660550458715596		0.86440677966101698
		128		0.001953125			0.95483091787439611		0.94130434782608696		0.95649432534678436		0.93103448275862066		0.92782874617736999		0.9152542372881356
		16		0.015625			0.96666666666666667		0.92608695652173911		0.96962025316455691		0.9382022471910112		0.9445129469790382		0.87894736842105259
		128		0.001953125			0.94999999999999996		0.95652173913043481		0.95180722891566261		0.95977011494252873		0.9197303921568627		0.92777777777777781
		128		0.001953125			0.95362318840579707		0.93478260869565222		0.95376820772640913		0.91534391534391535		0.92676923076923079		0.92513368983957223
		128		0.001953125			0.95241545893719803		0.94347826086956521		0.95518565941101152		0.93264248704663211		0.92155651636812852		0.93264248704663211
		128		0.001953125			0.95314009661835752		0.93043478260869561		0.95561192136968931		0.93567251461988299		0.92397302268546899		0.88397790055248615
				
Mean:								0.954685990338			0.936739130435			0.956017681017			0.934902891066			0.927647007265			0.902611108757
Std dev:							0.004552070349067054	0.010372701801319915	0.0050320210851535355	0.01816322944613484		0.007028324385912398	0.02746924005237614
		
 